STN--- WBAN   YEARMODA    TEMP       DEWP      SLP        STP       VISIB      WDSP     MXSPD   GUST    MAX     MIN   PRCP   SNDP   FRSHTT
747812 63813  20130101    47.9  7    44.3  7  9999.9  0   979.5  6    3.5  7    1.0  7    5.1  999.9    50.0*   44.6* 99.99  999.9  110000
747812 63813  20130102    41.8 12    37.4 12  9999.9  0   981.2 12    8.6 12    5.5 12    8.0   15.9    50.0*   39.2* 99.99  999.9  010000
747812 63813  20130103    38.7 17    29.6 17  9999.9  0   985.3 17    8.0 17    6.9 17    8.9   15.0    42.8*   35.6*  0.00I 999.9  000000
747812 63813  20130104    39.2 17    20.9 17  9999.9  0   989.9 17    9.9 17    4.8 17    9.9   15.0    48.2*   28.4*  0.00I 999.9  000000
747812 63813  20130105    38.8 17    21.5 17  9999.9  0   989.9 17   10.0 17    2.5 17    5.1  999.9    46.4*   28.4*  0.00I 999.9  000000
747812 63813  20130106    41.9 16    34.8 16  9999.9  0   986.2 16    8.3 16    5.1 16    9.9   15.0    46.4*   39.2*  0.00I 999.9  000000
747812 63813  20130107    41.8 11    27.6 11  9999.9  0   988.6 11   10.0 11    3.6 11    8.0  999.9    55.4*   28.4*  0.00I 999.9  000000
747812 63813  20130112    67.0 17    59.0 17  9999.9  0   982.5 17    8.5 17    5.2 17    8.0   15.0    71.6*   62.6*  0.00I 999.9  000000
747812 63813  20130113    66.5 16    57.0 16  9999.9  0   980.5 16    9.6 15    6.3 16    9.9   18.1    71.6*   62.6*  0.00I 999.9  000000
747812 63813  20130114    53.5 17    49.0 17  9999.9  0   981.3 17    5.1 17    5.9 17    8.0   15.0    69.8*   46.4* 99.99  999.9  010000
747812 63813  20130115    47.5 17    45.0 17  9999.9  0   980.7 17    2.4 17    1.9 17    5.1  999.9    51.8*   44.6* 99.99  999.9  010000
747812 63813  20130116    53.7 17    50.8 17  9999.9  0   978.0 17    3.9 17    4.1 17   11.1   15.0    57.2*   51.8* 99.99  999.9  010000
747812 63813  20130117    45.2 17    42.4 17  9999.9  0   974.0 17    3.1 17    6.9 17   15.0   22.9    51.8*   37.4* 99.99  999.9  010000
747812 63813  20130118    41.7 16    28.2 16  9999.9  0   990.5 16    9.8 16    5.4 16   12.0   27.0    51.8*   30.2*  0.00I 999.9  000000
747812 63813  20130119    43.0 17    26.7 17  9999.9  0   990.5 17   10.0 17    2.2 17    7.0  999.9    53.6*   28.4*  0.00I 999.9  000000
747812 63813  20130120    46.7 17    32.1 17  9999.9  0   984.5 17   10.0 17    3.7 17    9.9  999.9    59.0*   30.2*  0.00I 999.9  000000
747812 63813  20130121    45.4 17    29.4 17  9999.9  0   982.2 17   10.0 17    5.3 17    9.9   17.1    53.6*   32.0*  0.00I 999.9  000000
747812 63813  20130122    36.2 17    11.9 17  9999.9  0   986.6 17   10.0 17    8.2 17   13.0   18.1    44.6*   28.4*  0.00I 999.9  000000
747812 63813  20130123    40.5 16    19.0 16  9999.9  0   987.9 16   10.0 16    4.7 16    7.0   14.0    53.6*   28.4*  0.00I 999.9  000000
747812 63813  20130124    46.1 17    24.4 17  9999.9  0   986.4 17   10.0 17    8.7 17   12.0   20.0    50.0*   39.2*  0.00I 999.9  000000
747812 63813  20130125    35.5 17    15.3 17  9999.9  0   986.6 17    9.8 17    7.1 17   12.0   20.0    39.2*   32.0* 99.99  999.9  010000
747812 63813  20130126    42.0 16    26.9 16  9999.9  0   985.4 16    9.3 16    4.9 16    9.9   15.0    51.8*   35.6*  0.00I 999.9  000000
747812 63813  20130127    46.0 15    29.1 15  9999.9  0   990.3 15   10.0 15    7.4 15   12.0   20.0    53.6*   39.2*  0.00I 999.9  000000
747812 63813  20130128    48.8 17    36.3 17  9999.9  0   990.0 17    7.8 17    5.6 17    8.0  999.9    55.4*   44.6*  0.00I 999.9  000000
747812 63813  20130129    59.1 17    49.8 17  9999.9  0   983.6 17    6.2 17    5.9 17    8.9   15.9    71.6*   46.4*  0.00I 999.9  100000
747812 63813  20130130    62.4 16    57.8 16  9999.9  0   969.9 15    6.4 16   10.9 16   18.1   28.0    68.0*   48.2* 99.99  999.9  010000
747812 63813  20130131    42.4 17    26.8 17  9999.9  0   977.7 16    9.8 17   12.0 17   20.0   32.1    48.2*   33.8*  0.00I 999.9  000000
747812 63813  20130201    36.2 17    12.9 17  9999.9  0   988.9 13   10.0 17    8.5 17   12.0   22.0    41.0*   32.0*  0.00I 999.9  000000
747812 63813  20130202    37.6 17    17.4 17  9999.9  0   986.9 17    9.3 17    3.0 17   15.0   26.0    50.0*   23.0* 99.99  999.9  010000
747812 63813  20130203    45.5 16    30.5 16  9999.9  0   980.4 16    8.5 16    9.0 16   19.0   29.9    53.6*   32.0*  0.00I 999.9  000000
747812 63813  20130204    42.2 17    25.4 17  9999.9  0   980.6 17   10.0 17    3.2 17    8.0   15.0    50.0*   30.2*  0.00I 999.9  000000
747812 63813  20130205    47.6 16    36.6 16  9999.9  0   978.8 16   10.0 16    3.1 16    8.0  999.9    55.4*   39.2*  0.00I 999.9  000000
747812 63813  20130206    54.2 17    37.4 17  9999.9  0   982.1 17    7.8 17    2.9 17    7.0  999.9    64.4*   42.8*  0.00I 999.9  100000
747812 63813  20130207    46.4 16    39.4 16  9999.9  0   980.0 15    5.3 16    6.5 16   11.1   18.1    53.6*   44.6* 99.99  999.9  010000
747812 63813  20130208    48.6 17    43.0 17  9999.9  0   978.5 17    6.1 17    6.9 17    9.9   17.1    53.6*   46.4* 99.99  999.9  010000
747812 63813  20130209    46.3 16    27.7 16  9999.9  0   985.6 16   10.0 16    4.1 16    8.0   20.0    62.6*   30.2*  0.00I 999.9  000000
747812 63813  20130210    50.8 16    35.3 16  9999.9  0   984.9 16    8.6 16    7.9 16   15.9   22.0    57.2*   42.8* 99.99  999.9  010000
747812 63813  20130211    52.2 16    49.0 16  9999.9  0   981.9 16    4.2 16    4.9 16    9.9   17.1    55.4*   48.2* 99.99  999.9  110000
747812 63813  20130212    48.3 14    38.9 14  9999.9  0   979.7 14    9.4 14    3.1 14    7.0   14.0    53.6*   44.6* 99.99  999.9  010000
747812 63813  20130213    46.2 16    41.0 16  9999.9  0   972.6 16    7.1 16    8.1 16   14.0   25.1    50.0*   44.6*  0.00I 999.9  000000
747812 63813  20130214    46.2 16    29.8 16  9999.9  0   978.9 16   10.0 16    6.8 16    9.9   15.0    53.6*   37.4*  0.00I 999.9  000000
747812 63813  20130215    50.0 16    32.1 16  9999.9  0   980.1 16   10.0 16    5.3 16   12.0   22.0    60.8*   32.0*  0.00I 999.9  000000
747812 63813  20130216    39.5 17    20.2 17  9999.9  0   979.1 17    9.8 17    9.4 17   15.0   24.1    48.2*   35.6* 99.99  999.9  010000
747812 63813  20130217    35.2 17    11.1 17  9999.9  0   985.1 17   10.0 17    8.4 17   11.1   18.1    44.6*   23.0*  0.00I 999.9  000000
747812 63813  20130218    43.7 16    22.1 16  9999.9  0   987.1 16   10.0 16    4.1 16    8.9   19.0    57.2*   26.6*  0.00I 999.9  000000
747812 63813  20130219    48.2 16    31.9 16  9999.9  0   980.5 16    7.6 16    8.6 16   18.1   27.0    55.4*   39.2* 99.99  999.9  010000
747812 63813  20130220    42.1 16    13.0 16  9999.9  0   983.5 16   10.0 16    7.0 16   11.1   20.0    48.2*   33.8*  0.00I 999.9  000000
747812 63813  20130221    48.8 17    16.9 17  9999.9  0   981.6 17   10.0 17    5.0 17    8.0   15.0    64.4*   30.2*  0.00I 999.9  000000
747812 63813  20130222    45.2 17    35.4 17  9999.9  0   981.1 17    5.8 17    8.6 17   15.0   21.0    57.2*   39.2* 99.99  999.9  010000
747812 63813  20130223    46.4 17    42.5 17  9999.9  0   976.7 17    5.8 16    2.2 17    8.9   21.0    51.8*   41.0* 99.99  999.9  010000
747812 63813  20130224    51.1 16    34.4 16  9999.9  0   977.7 16    8.7 16    5.8 16    8.9  999.9    60.8*   37.4*  0.00I 999.9  000000
747812 63813  20130225    46.9 15    28.0 15  9999.9  0   977.1 15   10.0 15    9.3 15   15.0   25.1    51.8*   41.0*  0.00I 999.9  000000
747812 63813  20130226    43.0 16    38.1 16  9999.9  0   967.9 16    6.2 16   10.5 16   17.1   28.0    50.0*   37.4*  0.00I 999.9  000000
747812 63813  20130227    48.4 17    30.7 17  9999.9  0   972.7 16   10.0 17   10.6 17   14.0   22.0    59.0*   41.0*  0.00I 999.9  000000
747812 63813  20130228    43.7 16    27.6 16  9999.9  0   975.0 16   10.0 16    9.9 16   15.0   22.0    51.8*   35.6*  0.00I 999.9  000000
747812 63813  20130301    38.1 18    24.5 18  9999.9  0   977.7 13   10.0 18    8.5 18    9.9   15.9    39.2*   35.6*  0.00I 999.9  000000
747812 63813  20130302    36.1 17    25.1 17  9999.9  0   977.8 17   10.0 17    7.7 17   11.1   18.1    37.4*   33.8*  0.00I 999.9  000000
747812 63813  20130303    34.4 15    19.2 15  9999.9  0   979.5 15    9.7 15    8.8 15   12.0   22.0    39.2*   30.2* 99.99  999.9  001000
747812 63813  20130304    44.3 16    19.1 16  9999.9  0   981.4 16   10.0 15    3.3 16    8.0  999.9    55.4*   28.4*  0.00I 999.9  000000
747812 63813  20130305    57.8 15    44.1 15  9999.9  0   974.6 15    9.2 15   10.7 15   18.1   32.1    64.4*   50.0* 99.99  999.9  010000
747812 63813  20130306    38.5 17    23.4 17  9999.9  0   979.9 17   10.0 17   13.2 17   18.1   35.0    46.4*   32.0*  0.00I 999.9  000000
747812 63813  20130307    43.2 17    26.7 17  9999.9  0   985.5 17   10.0 17    7.6 17   11.1   20.0    53.6*   32.0*  0.00I 999.9  000000
747812 63813  20130308    46.9 17    24.4 17  9999.9  0   987.1 17   10.0 17    4.8 17    8.9   15.9    60.8*   28.4*  0.00I 999.9  000000
747812 63813  20130309    53.6 16    24.1 16  9999.9  0   986.9 16   10.0 16    5.6 16    8.9   15.9    60.8*   42.8*  0.00I 999.9  000000
747812 63813  20130310    60.4 17    31.2 17  9999.9  0   983.4 17   10.0 17    8.2 17   13.0   19.0    71.6*   50.0*  0.00I 999.9  000000
747812 63813  20130311    58.4 17    47.5 17  9999.9  0   976.2 17    7.7 17    7.5 17   12.0   21.0    64.4*   53.6* 99.99  999.9  010000
747812 63813  20130312    48.3 17    33.3 17  9999.9  0   977.6 16    8.8 17    8.1 17   12.0   21.0    62.6*   37.4* 99.99  999.9  010000
747812 63813  20130313    46.6 15    24.4 15  9999.9  0   983.2 15   10.0 15    9.6 15   15.0   25.1    51.8*   35.6*  0.00I 999.9  000000
747812 63813  20130314    41.5 17    16.5 17  9999.9  0   987.9 17   10.0 17    8.3 17   11.1   18.1    53.6*   28.4*  0.00I 999.9  000000
747812 63813  20130315    59.6 15    31.2 14  9999.9  0   982.6 15   10.0 15    9.1 15   15.0   22.9    73.4*   33.8*  0.00I 999.9  000000
747812 63813  20130316    65.9 16    37.3 16  9999.9  0   977.1 16   10.0 16   11.1 16   17.1   25.1    75.2*   51.8*  0.00I 999.9  000000
747812 63813  20130317    63.6 15    45.2 15  9999.9  0   977.0 15   10.0 15    6.9 15    9.9   15.0    69.8*   51.8*  0.00I 999.9  000000
747812 63813  20130318    55.9 17    48.7 17  9999.9  0   975.7 17    7.3 17    5.7 17    9.9   15.9    62.6*   48.2* 99.99  999.9  010000
747812 63813  20130319    53.0 17    31.9 17  9999.9  0   979.2 17   10.0 17    6.7 17   12.0   21.0    60.8*   44.6*  0.00I 999.9  000000
747812 63813  20130320    50.3 16    16.9 15  9999.9  0   979.9 16   10.0 16    6.6 16   15.0   24.1    57.2*   41.0*  0.00I 999.9  000000
747812 63813  20130321    40.4 17    11.4 16  9999.9  0   976.6 17   10.0 17    9.5 17   14.0   22.0    50.0*   28.4*  0.00I 999.9  000000
747812 63813  20130322    43.4 17    21.8 17  9999.9  0   978.5 17   10.0 17    2.7 17    6.0  999.9    50.0*   37.4*  0.00I 999.9  000000
747812 63813  20130323    49.4 16    42.5 16  9999.9  0   976.1 16    6.1 16    5.6 16    8.9  999.9    57.2*   42.8* 99.99  999.9  010000
747812 63813  20130324    50.0 17    45.1 17  9999.9  0   966.4 17    7.0 17    6.7 17   14.0   22.0    53.6*   48.2* 99.99  999.9  010000
747812 63813  20130325    39.4 17    21.8 17  9999.9  0   973.6 17   10.0 17   13.8 17   20.0   28.9    50.0*   35.6*  0.00I 999.9  000000
747812 63813  20130326    36.8 16    21.4 16  9999.9  0   983.1 16    9.8 16    8.8 16   12.0   21.0    41.0*   32.0* 99.99  999.9  001000
747812 63813  20130327    41.5 17    21.9 17  9999.9  0   987.8 17   10.0 17    8.2 17   12.0   20.0    51.8*   26.6*  0.00I 999.9  000000
747812 63813  20130328    48.0 17    23.6 17  9999.9  0   988.0 17   10.0 17    5.5 17    9.9   18.1    59.0*   30.2*  0.00I 999.9  000000
747812 63813  20130329    55.8 14    29.6 14  9999.9  0   987.1 14   10.0 14    3.0 14    9.9  999.9    64.4*   35.6*  0.00I 999.9  000000
747812 63813  20130330    60.2 16    39.1 16  9999.9  0   982.7 16    9.6 16    3.2 16    8.0  999.9    69.8*   46.4* 99.99  999.9  010000
747812 63813  20130331    61.5 16    52.8 16  9999.9  0   977.2 15    8.1 16    7.3 16   13.0   20.0    68.0*   55.4* 99.99  999.9  010000
747812 63813  20130401    62.9 17    42.5 17  9999.9  0   977.8 14    9.8 17    6.5 17    9.9   19.0    69.8*   51.8*  0.00I 999.9  000000
747812 63813  20130402    55.9 17    29.7 17  9999.9  0   982.6 17   10.0 17    5.9 17    9.9   17.1    62.6*   44.6*  0.00I 999.9  000000
747812 63813  20130403    53.5 16    28.5 16  9999.9  0   983.5 15    9.5 15    4.8 16    8.9   15.9    59.0*   44.6* 99.99  999.9  010000
747812 63813  20130404    43.4 17    37.6 17  9999.9  0   980.3 17    4.9 17    9.9 17   17.1   27.0    48.2*   39.2* 99.99  999.9  010000
747812 63813  20130405    52.4 15    37.5 15  9999.9  0   978.2 15    7.5 15    8.1 15   13.0   18.1    62.6*   39.2*  0.00I 999.9  000000
747812 63813  20130406    60.5 16    35.6 16  9999.9  0   982.9 16   10.0 16    5.8 16    9.9   15.0    69.8*   39.2*  0.00I 999.9  000000
747812 63813  20130407    64.9 16    43.1 16  9999.9  0   982.9 16   10.0 15    6.0 16    9.9   15.0    73.4*   51.8*  0.00I 999.9  000000
747812 63813  20130408    68.7 16    48.4 16  9999.9  0   982.0 16    9.9 16    5.5 16   12.0   18.1    77.0*   53.6*  0.00I 999.9  000000
747812 63813  20130409    71.0 17    53.1 17  9999.9  0   983.1 17   10.0 17    3.6 17    8.0  999.9    80.6*   53.6*  0.00I 999.9  000000
747812 63813  20130410    74.0 17    54.2 17  9999.9  0   980.8 17   10.0 17    4.3 17    8.0   15.0    84.2*   57.2*  0.00I 999.9  000000
747812 63813  20130411    72.7 17    57.3 17  9999.9  0   974.0 17    9.6 17    7.2 17   12.0   18.1    78.8*   62.6* 99.99  999.9  010010
747812 63813  20130412    61.9 16    45.2 16  9999.9  0   972.9 16    8.6 16   10.3 16   15.9   21.0    69.8*   53.6* 99.99  999.9  010000
747812 63813  20130413    62.8 17    35.6 17  9999.9  0   978.5 17   10.0 17    7.1 17   11.1   20.0    73.4*   51.8*  0.00I 999.9  000000
747812 63813  20130414    56.8 17    46.0 17  9999.9  0   978.6 17    9.4 17    6.0 17   14.0   22.9    64.4*   48.2* 99.99  999.9  010000
747812 63813  20130415    65.2 16    53.9 16  9999.9  0   979.2 16   10.0 16    4.6 16   12.0   20.0    75.2*   57.2*  0.00I 999.9  000000
747812 63813  20130416    71.9 16    58.9 16  9999.9  0   984.6 16    9.0 16    5.8 16   12.0   15.0    78.8*   60.8*  0.00I 999.9  000000
747812 63813  20130417    75.7 15    60.3 15  9999.9  0   983.9 15   10.0 15    4.2 15    6.0  999.9    82.4*   66.2*  0.00I 999.9  000000
747812 63813  20130418    73.2 17    56.5 17  9999.9  0   980.0 17   10.0 17    8.1 17   12.0   22.0    80.6*   60.8*  0.00I 999.9  000000
747812 63813  20130419    59.6 17    50.6 17  9999.9  0   975.1 17    8.6 16    9.6 17   14.0   22.0    75.2*   48.2* 99.99  999.9  010000
747812 63813  20130420    52.1 17    29.6 17  9999.9  0   983.8 17   10.0 17    7.3 17    9.9   20.0    60.8*   39.2*  0.00I 999.9  000000
747812 63813  20130421    58.7 17    34.9 17  9999.9  0   987.5 17   10.0 17    8.2 17   14.0   22.0    68.0*   39.2*  0.00I 999.9  000000
747812 63813  20130422    61.9 15    39.2 15  9999.9  0   986.7 15   10.0 15    8.5 15   13.0   22.0    69.8*   50.0*  0.00I 999.9  000000
747812 63813  20130423    62.6 16    41.1 16  9999.9  0   984.2 16   10.0 16    6.6 16    9.9   15.0    73.4*   48.2*  0.00I 999.9  000000
747812 63813  20130424    66.1 16    53.6 16  9999.9  0   981.7 16    9.5 16    7.2 16   12.0   20.0    71.6*   59.0* 99.99  999.9  010000
747812 63813  20130425    57.6 17    37.8 17  9999.9  0   986.2 17    9.3 17    7.2 17   11.1   22.0    66.2*   42.8* 99.99  999.9  010000
747812 63813  20130426    63.3 17    35.5 17  9999.9  0   989.3 17   10.0 17    6.1 17   12.0   22.0    75.2*   42.8*  0.00I 999.9  000000
747812 63813  20130427    65.1 17    48.1 17  9999.9  0   986.6 17   10.0 17    7.9 17   12.0   21.0    69.8*   57.2*  0.00I 999.9  000000
747812 63813  20130428    59.2 17    54.9 17  9999.9  0   981.2 17    3.5 17    5.4 17   13.0   21.0    60.8*   57.2* 99.99  999.9  010000
747812 63813  20130429    64.5 16    54.0 16  9999.9  0   978.8 15    7.0 16    2.3 16    6.0  999.9    73.4*   55.4* 99.99  999.9  110000
747812 63813  20130430    68.1 15    55.4 15  9999.9  0   979.4 14    7.2 15    4.2 15    8.0  999.9    78.8*   55.4*  0.00I 999.9  100000
747812 63813  20130501    66.0 15    53.1 15  9999.9  0   983.5 13   10.0 15   10.2 15   15.0   22.0    69.8*   62.6*  0.00I 999.9  000000
747812 63813  20130502    63.4 16    54.6 16  9999.9  0   983.6 16   10.0 16   11.2 16   15.9   22.0    66.2*   60.8*  0.00I 999.9  000000
747812 63813  20130503    61.4 17    52.9 17  9999.9  0   980.0 17    9.5 17   13.3 17   20.0   26.0    62.6*   59.0*  0.00I 999.9  000000
747812 63813  20130504    54.3 16    49.7 16  9999.9  0   975.5 16    4.8 16   10.1 16   17.1   26.0    62.6*   50.0* 99.99  999.9  010000
747812 63813  20130505    55.9 17    47.9 17  9999.9  0   972.6 16    6.4 17    4.8 17   12.0   18.1    66.2*   48.2* 99.99  999.9  010000
747812 63813  20130506    51.7 17    46.2 17  9999.9  0   974.0 17    8.4 17    3.4 17    8.0  999.9    55.4*   46.4* 99.99  999.9  010000
747812 63813  20130507    59.1 17    47.8 17  9999.9  0   976.3 17    7.9 17    4.5 17    9.9   15.0    68.0*   48.2* 99.99  999.9  010000
747812 63813  20130508    66.3 17    51.8 17  9999.9  0   979.6 17   10.0 16    7.1 16    9.9   15.0    73.4*   50.0*  0.00I 999.9  000000
747812 63813  20130509    72.0 17    54.0 16  9999.9  0   981.7 16   10.0 17    5.7 17    9.9   15.0    80.6*   53.6*  0.00I 999.9  000000
747812 63813  20130510    70.6 17    55.8 17  9999.9  0   980.3 17   10.0 17    5.2 17   12.0   15.9    75.2*   57.2*  0.00I 999.9  000000
747812 63813  20130511    71.1 15    59.7 15  9999.9  0   977.2 15    9.7 15    7.9 15    9.9   17.1    75.2*   66.2* 99.99  999.9  010010
747812 63813  20130512    62.3 16    41.1 16  9999.9  0   980.0 16   10.0 16    8.3 16   12.0   20.0    66.2*   53.6*  0.00I 999.9  000000
747812 63813  20130513    59.8 16    32.9 16  9999.9  0   984.6 16   10.0 16    6.7 16    9.9   20.0    68.0*   42.8*  0.00I 999.9  000000
747812 63813  20130514    66.9 17    45.0 17  9999.9  0   985.1 17   10.0 17    4.8 17   12.0   17.1    80.6*   44.6*  0.00I 999.9  000000
747812 63813  20130515    75.0 17    52.2 17  9999.9  0   982.8 17   10.0 17    7.1 17   12.0   15.9    84.2*   57.2*  0.00I 999.9  000000
747812 63813  20130516    73.6 17    56.2 17  9999.9  0   980.4 17   10.0 17    4.1 17    8.0  999.9    80.6*   62.6*  0.00I 999.9  000000
747812 63813  20130517    73.8 17    56.0 17  9999.9  0   980.9 17   10.0 17    3.4 17    8.0   15.0    80.6*   62.6*  0.00I 999.9  000000
747812 63813  20130518    69.0 16    61.7 16  9999.9  0   981.1 16    9.4 16    5.6 16    8.9  999.9    73.4*   64.4* 99.99  999.9  010000
747812 63813  20130519    67.0 15    63.6 15  9999.9  0   981.2 15    5.7 15    5.2 15   12.0   22.0    69.8*   64.4* 99.99  999.9  010010
747812 63813  20130520    74.9 16    64.0 16  9999.9  0   980.9 16    8.1 16    3.3 16    8.0  999.9    84.2*   64.4*  0.00I 999.9  100000
747812 63813  20130521    79.2 15    65.1 15  9999.9  0   979.1 15    9.1 15    2.7 15    8.9  999.9    86.0*   66.2*  0.00I 999.9  000000
747812 63813  20130522    79.2 17    62.6 17  9999.9  0   976.8 17   10.0 17    4.7 17   12.0   18.1    86.0*   68.0*  0.00I 999.9  000000
747812 63813  20130523    76.2 16    58.4 16  9999.9  0   977.5 16    9.4 16    9.7 16   19.0   27.0    84.2*   66.2*  0.00I 999.9  000000
747812 63813  20130524    69.4 14    48.2 14  9999.9  0   982.5 14   10.0 14    8.9 14   13.0   22.9    75.2*   60.8*  0.00I 999.9  000000
747812 63813  20130525    67.6 17    41.6 17  9999.9  0   987.1 17   10.0 17    4.5 17    8.9  999.9    78.8*   48.2*  0.00I 999.9  000000
747812 63813  20130526    72.6 16    46.4 16  9999.9  0   986.0 16   10.0 16    3.8 16    8.0  999.9    82.4*   53.6*  0.00I 999.9  000000
747812 63813  20130527    74.6 16    53.5 16  9999.9  0   984.7 16   10.0 16    2.5 16    8.0  999.9    84.2*   60.8*  0.00I 999.9  000000
747812 63813  20130528    77.8 17    55.4 17  9999.9  0   983.9 17   10.0 17    3.9 17    8.9   15.0    84.2*   66.2*  0.00I 999.9  000000
747812 63813  20130529    76.7 16    58.7 16  9999.9  0   984.7 16   10.0 16    6.2 16    9.9   18.1    84.2*   64.4*  0.00I 999.9  000000
747812 63813  20130530    77.7 17    61.6 17  9999.9  0   984.8 16    9.6 17    7.1 17   12.0   18.1    84.2*   68.0*  0.00I 999.9  000000
747812 63813  20130531    78.8 17    62.2 17  9999.9  0   983.7 16    9.6 17    7.0 17   12.0   15.9    84.2*   69.8*  0.00I 999.9  000000
747812 63813  20130601    78.8 16    63.7 16  9999.9  0   980.9 13   10.0 16    7.0 16    9.9   17.1    84.2*   69.8*  0.00I 999.9  000000
747812 63813  20130602    77.1 16    66.1 16  9999.9  0   977.2 16    9.6 16    5.6 16   12.0   18.1    82.4*   71.6* 99.99  999.9  010000
747812 63813  20130603    76.1 16    64.7 16  9999.9  0   976.5 16    8.6 16    4.3 16    8.9  999.9    82.4*   69.8*  0.00I 999.9  000000
747812 63813  20130604    78.9 17    62.3 17  9999.9  0   978.3 17   10.0 17    3.4 17    7.0  999.9    84.2*   66.2*  0.00I 999.9  000000
747812 63813  20130605    78.0 17    66.0 17  9999.9  0   978.4 17    8.8 17    6.1 17   13.0   19.0    84.2*   71.6*  0.00I 999.9  000000
747812 63813  20130606    75.2 15    65.6 15  9999.9  0   973.9 15    8.2 15    4.6 15    8.0  999.9    80.6*   69.8* 99.99  999.9  010000
747812 63813  20130607    74.0 16    65.4 16  9999.9  0   971.2 16    8.3 16    6.6 16   18.1   26.0    82.4*   68.0* 99.99  999.9  010000
747812 63813  20130608    74.2 16    64.0 16  9999.9  0   977.9 16    8.6 16    5.2 16    7.0  999.9    80.6*   66.2*  0.00I 999.9  000000
747812 63813  20130609    75.1 16    67.4 16  9999.9  0   980.8 16    8.7 16    3.8 16    8.0  999.9    80.6*   73.4* 99.99  999.9  010000
747812 63813  20130610    73.8 17    66.7 17  9999.9  0   979.0 17    8.5 17    6.4 17   18.1   25.1    78.8*   66.2* 99.99  999.9  010000
747812 63813  20130611    81.3 17    69.6 17  9999.9  0   979.4 17    9.3 17    8.3 17   11.1   18.1    89.6*   71.6*  0.00I 999.9  000000
747812 63813  20130612    84.2 17    71.8 17  9999.9  0   980.2 17   10.0 17    6.9 17    9.9  999.9    89.6*   73.4*  0.00I 999.9  000000
747812 63813  20130613    84.5 16    69.5 16  9999.9  0   975.5 16    9.8 16   11.7 16   19.0   38.1    91.4*   73.4* 99.99  999.9  010010
747812 63813  20130614    75.0 17    61.3 17  9999.9  0   976.0 17    9.1 16    5.7 17    9.9   15.0    82.4*   64.4* 99.99  999.9  010010
747812 63813  20130615    78.5 14    58.5 14  9999.9  0   981.2 14   10.0 14    5.5 14    8.9  999.9    84.2*   66.2*  0.00I 999.9  000000
747812 63813  20130616    78.0  9    62.0  9  9999.9  0   981.9  9   10.0  9    2.8  9    8.0  999.9    86.0*   68.0*  0.00I 999.9  000000
747812 63813  20130617    76.3 16    68.2 16  9999.9  0   979.6 16    9.5 15    3.7 16    8.0   18.1    82.4*   68.0* 99.99  999.9  010000
747812 63813  20130618    74.5 16    68.1 16  9999.9  0   976.3 16    8.7 16    6.9 16   13.0   20.0    82.4*   69.8* 99.99  999.9  010010
747812 63813  20130619    74.7 14    65.4 14  9999.9  0   978.4 14    9.4 14    2.9 14    5.1  999.9    82.4*   66.2*  0.00I 999.9  000000
747812 63813  20130620    71.6  5    64.4  5  9999.9  0   982.5  5   10.0  5    4.4  5   12.0   18.1    77.0*   66.2*  0.00I 999.9  000000
747812 63813  20130702    81.6  9    67.4  9  9999.9  0   979.1  9   10.0  9    6.2  9    8.0  999.9    84.2*   77.0*  0.00I 999.9  000000
747812 63813  20130703    71.4 16    68.0 16  9999.9  0   982.6 16    6.6 16    4.4 16    6.0  999.9    80.6*   66.2* 99.99  999.9  010000
747812 63813  20130704    71.1 17    69.1 17  9999.9  0   982.8 17    5.5 17    6.9 17    9.9   18.1    73.4*   66.2* 99.99  999.9  010000
747812 63813  20130705    73.0 17    68.8 17  9999.9  0   983.7 17    7.7 17    5.9 17    9.9   15.9    80.6*   69.8* 99.99  999.9  010000
747812 63813  20130706    74.0 17    70.5 17  9999.9  0   983.2 17    6.7 17    6.8 17   17.1   25.1    78.8*   69.8* 99.99  999.9  010000
747812 63813  20130707    73.8 17    69.8 17  9999.9  0   983.6 17    7.5 17    2.5 17    5.1  999.9    78.8*   71.6* 99.99  999.9  010000
747812 63813  20130708    79.0 17    69.4 17  9999.9  0   984.2 17    8.7 17    3.5 17   18.1   22.0    87.8*   69.8* 99.99  999.9  010010
747812 63813  20130709    79.5 16    71.1 15  9999.9  0   983.8 16    9.1 16    5.1 16    8.0   15.0    87.8*   71.6*  0.00I 999.9  000000
747812 63813  20130710    80.7 17    71.4 17  9999.9  0   980.9 17    9.6 17    5.4 17    9.9   15.9    89.6*   73.4* 99.99  999.9  010000
747812 63813  20130711    75.7 14    69.5 14  9999.9  0   977.6 13    8.1 14    1.4 14    6.0  999.9    80.6*   71.6* 99.99  999.9  010000
747812 63813  20130712    78.1 16    69.9 16  9999.9  0   976.1 16    7.6 16    2.4 16   18.1   26.0    84.2*   71.6* 99.99  999.9  110000
747812 63813  20130713    74.1 15    66.7 15  9999.9  0   979.3 15    9.3 14    8.1 14   11.1   18.1    78.8*   69.8*  0.00I 999.9  000000
747812 63813  20130714    77.2 16    69.0 16  9999.9  0   982.4 16    9.7 16    8.7 16   11.1   18.1    82.4*   71.6*  0.00I 999.9  000000
747812 63813  20130715    78.9 15    68.5 15  9999.9  0   986.7 15    9.9 15    8.6 15    9.9   15.9    86.0*   71.6*  0.00I 999.9  000000
747812 63813  20130716    81.4 14    68.4 14  9999.9  0   988.3 14    8.4 14    6.2 14    9.9   15.0    87.8*   71.6*  0.00I 999.9  000000
747812 63813  20130717    82.9 14    68.0 14  9999.9  0   986.6 14    9.8 14    3.9 14    8.0   15.9    89.6*   69.8* 99.99  999.9  010010
747812 63813  20130718    80.1 17    67.9 17  9999.9  0   984.2 17    9.4 17    3.6 17    9.9   15.0    89.6*   68.0* 99.99  999.9  010010
747812 63813  20130719    81.8 17    69.7 17  9999.9  0   981.6 17   10.0 17    2.9 17    9.9   15.0    87.8*   73.4* 99.99  999.9  010010
747812 63813  20130720    77.9 16    68.2 16  9999.9  0   979.5 16    9.6 16    2.3 16    9.9   15.0    86.0*   71.6* 99.99  999.9  010010
747812 63813  20130721    76.6 17    69.6 17  9999.9  0   979.2 17    7.6 17    3.3 17   18.1   25.1    86.0*   69.8* 99.99  999.9  010010
747812 63813  20130722    76.3 17    69.5 17  9999.9  0   978.2 17    8.3 17    6.0 17    9.9   15.0    84.2*   69.8* 99.99  999.9  010000
747812 63813  20130723    76.6 15    68.6 15  9999.9  0   976.8 15    8.4 15    7.6 15   12.0   18.1    80.6*   71.6* 99.99  999.9  010000
747812 63813  20130724    77.1 14    68.8 14  9999.9  0   975.1 13    8.6 14    6.0 14    8.0  999.9    80.6*   71.6*  0.00I 999.9  000000
747812 63813  20130725    80.5 13    65.9 13  9999.9  0   976.9 13   10.0 13    5.6 13    8.0   15.9    87.8*   69.8*  0.00I 999.9  000000
747812 63813  20130726    80.0 16    68.4 16  9999.9  0   979.8 15    9.7 16    4.6 16    8.9  999.9    87.8*   69.8*  0.00I 999.9  000000
747812 63813  20130727    77.2 17    67.5 17  9999.9  0   977.9 17    7.9 17    4.8 17    9.9  999.9    80.6*   71.6*  0.00I 999.9  000000
747812 63813  20130728    78.6 17    66.5 17  9999.9  0   978.4 17   10.0 17    4.4 17    8.0   15.0    84.2*   69.8*  0.00I 999.9  000000
747812 63813  20130729    77.0 16    59.7 16  9999.9  0   982.4 16   10.0 16    5.0 16    8.0   15.0    82.4*   66.2*  0.00I 999.9  000000
747812 63813  20130730    79.0 15    57.9 15  9999.9  0   984.8 14   10.0 15    1.0 15    6.0  999.9    89.6*   62.6*  0.00I 999.9  000000
747812 63813  20130731    74.3 16    66.5 16  9999.9  0   982.4 15    7.4 16    0.8 16    9.9   15.0    82.4*   69.8* 99.99  999.9  010000
747812 63813  20130801    76.9 15    69.8 14  9999.9  0   978.0 13    8.7 15    4.5 15    8.0  999.9    84.2*   71.6*  0.00I 999.9  000000
747812 63813  20130802    79.1 13    63.8 13  9999.9  0   979.4 13    8.1 13    4.4 13    7.0  999.9    84.2*   66.2*  0.00I 999.9  000000
747812 63813  20130803    80.3 14    67.1 14  9999.9  0   980.5 14    9.9 14    5.3 14    9.9   15.0    84.2*   68.0*  0.00I 999.9  000000
747812 63813  20130804    79.6 17    69.7 17  9999.9  0   979.8 17    8.8 17    6.1 17    9.9   15.9    86.0*   73.4*  0.00I 999.9  000000
747812 63813  20130805    79.3 17    66.0 17  9999.9  0   979.8 17   10.0 17    3.9 17    7.0  999.9    87.8*   68.0*  0.00I 999.9  000000
747812 63813  20130806    80.1 17    67.5 17  9999.9  0   979.0 17    9.6 17    4.1 17    8.9  999.9    84.2*   73.4*  0.00I 999.9  000000
747812 63813  20130807    78.2 17    71.1 17  9999.9  0   979.6 17    7.2 17    3.9 17   14.0   19.0    84.2*   73.4* 99.99  999.9  010000
747812 63813  20130808    77.1 15    71.4 15  9999.9  0   980.1 13    6.4 15    3.4 15    8.0   15.0    82.4*   73.4*  0.00I 999.9  000000
747812 63813  20130809    79.8 15    72.2 15  9999.9  0   981.1 15    8.6 15    3.8 15    8.0   15.0    84.2*   73.4* 99.99  999.9  010000
747812 63813  20130810    80.6 16    72.1 16  9999.9  0   982.5 13    9.9 16    3.3 16    9.9   15.0    89.6*   71.6* 99.99  999.9  010000
747812 63813  20130811    81.2 16    70.8 16  9999.9  0   983.5 15   10.0 16    4.8 16    8.0  999.9    87.8*   71.6*  0.00I 999.9  000000
747812 63813  20130812    79.6 17    71.7 17  9999.9  0   982.1 12    9.2 17    4.3 17   12.0   20.0    87.8*   73.4* 99.99  999.9  010010
747812 63813  20130813    78.3 17    70.2 17  9999.9  0   978.2  9   10.0 17    6.8 17   11.1  999.9    84.2*   71.6* 99.99  999.9  010000
747812 63813  20130814    74.8 15    67.2 15  9999.9  0   977.5 15    8.0 15    5.5 15    8.0  999.9    78.8*   71.6*  0.00I 999.9  000000
747812 63813  20130815    71.8 17    59.6 17  9999.9  0   980.1 17    9.4 17    9.0 17   15.0   24.1    75.2*   69.8*  0.00I 999.9  000000
747812 63813  20130816    65.9 16    57.5 16  9999.9  0   981.3 16    8.4 16    9.3 16   12.0   19.0    69.8*   62.6*  0.00I 999.9  000000
747812 63813  20130817    64.4 14    59.0 14  9999.9  0   982.4 14    7.4 14    7.9 14    9.9   17.1    66.2*   62.6* 99.99  999.9  010000
747812 63813  20130818    70.4 16    65.8 16  9999.9  0   983.8 16    8.1 16    2.8 16    8.0  999.9    75.2*   64.4* 99.99  999.9  010000
747812 63813  20130819    74.8 15    68.4 15  9999.9  0   982.2 15    7.4 15    3.2 15    7.0  999.9    82.4*   69.8* 99.99  999.9  010000
747812 63813  20130820    75.1 17    68.6 17  9999.9  0   983.2 17   10.0 17    6.2 17    9.9  999.9    80.6*   71.6* 99.99  999.9  010000
747812 63813  20130821    76.7 16    69.2 16  9999.9  0   984.6 16   10.0 16    4.8 16    8.0  999.9    84.2*   69.8*  0.00I 999.9  000000
747812 63813  20130822    77.9 16    69.7 16  9999.9  0   983.7 16    9.1 15    2.3 16    7.0   15.0    87.8*   69.8* 99.99  999.9  010010
747812 63813  20130823    79.9 15    68.5 15  9999.9  0   980.7 15    9.8 15    4.3 15    8.0  999.9    87.8*   68.0*  0.00I 999.9  000000
747812 63813  20130824    78.0 15    65.9 14  9999.9  0   984.4 15    9.6 15    7.5 15   12.0   18.1    84.2*   69.8*  0.00I 999.9  000000
747812 63813  20130825    75.1 15    60.3 15  9999.9  0   988.6 15   10.0 15    6.8 15    9.9   18.1    80.6*   66.2*  0.00I 999.9  000000
747812 63813  20130826    74.8 15    59.1 15  9999.9  0   987.5 15   10.0 15    4.2 15    7.0  999.9    82.4*   62.6*  0.00I 999.9  000000
747812 63813  20130827    75.2 16    62.8 15  9999.9  0   983.0 16    9.9 16    3.1 16    8.0  999.9    86.0*   62.6*  0.00I 999.9  000000
747812 63813  20130828    79.8 17    66.8 15  9999.9  0   980.4 17    9.6 17    4.5 17    8.0  999.9    87.8*   69.8*  0.00I 999.9  000000
747812 63813  20130829    81.8 17    69.9 17  9999.9  0   979.1 17    8.9 17    6.8 17    8.9   15.0    87.8*   71.6*  0.00I 999.9  000000
747812 63813  20130830    80.0 15    71.5 15  9999.9  0   978.7 14    7.4 15    3.8 15    8.0  999.9    84.2*   73.4*  0.00I 999.9  000000
747812 63813  20130831    81.3 17    71.4 16  9999.9  0   977.3 16    6.8 17    2.9 17   15.0   21.0    89.6*   71.6* 99.99  999.9  110010
747812 63813  20130901    76.5 17    70.5 17  9999.9  0   976.4 17    7.5 17    2.7 17    8.0  999.9    82.4*   69.8* 99.99  999.9  010010
747812 63813  20130902    73.8 17    68.1 17  9999.9  0   977.1 17    7.7 17    4.0 17    9.9   15.0    80.6*   69.8* 99.99  999.9  010010
747812 63813  20130903    79.1 16    69.7 16  9999.9  0   976.9 16    8.9 16    3.2 16    6.0  999.9    86.0*   71.6*  0.00I 999.9  000000
747812 63813  20130904    79.3 15    65.2 15  9999.9  0   980.6 15    8.2 15    2.2 15    8.0  999.9    87.8*   66.2*  0.00I 999.9  100000
747812 63813  20130905    77.5 16    64.9 16  9999.9  0   982.6 16    8.1 16    3.6 16    8.0  999.9    86.0*   66.2*  0.00I 999.9  100000
747812 63813  20130906    78.1 16    64.7 16  9999.9  0   983.0 16    9.6 16    4.3 16   12.0   18.1    87.8*   66.2*  0.00I 999.9  000000
747812 63813  20130907    77.7 17    63.3 17  9999.9  0   982.1 17    9.9 17    2.6 17    8.0  999.9    84.2*   66.2* 99.99  999.9  010000
747812 63813  20130908    78.9 17    65.9 17  9999.9  0   979.3 16   10.0 17    2.6 17    6.0  999.9    86.0*   66.2*  0.00I 999.9  000000
747812 63813  20130909    80.7 16    66.5 16  9999.9  0   981.2 16    9.6 16    4.4 16    8.9   15.0    87.8*   69.8*  0.00I 999.9  000000
747812 63813  20130910    80.5 15    66.2 15  9999.9  0   984.6 15    9.5 15    5.4 15    9.9  999.9    87.8*   69.8*  0.00I 999.9  000000
747812 63813  20130911    81.1 15    64.5 15  9999.9  0   985.3 15    9.8 15    2.9 15    8.0  999.9    89.6*   68.0*  0.00I 999.9  000000
747812 63813  20130912    78.6 15    65.6 15  9999.9  0   980.8 15   10.0 15    4.4 15    9.9   15.9    87.8*   68.0*  0.00I 999.9  000000
747812 63813  20130913    76.7 17    62.7 17  9999.9  0   975.8 17   10.0 17    5.9 17    9.9   15.9    82.4*   69.8*  0.00I 999.9  000000
747812 63813  20130914    70.5 16    52.4 16  9999.9  0   978.5 16    9.6 16    5.2 16    9.9   15.0    80.6*   53.6*  0.00I 999.9  000000
747812 63813  20130915    73.4 17    61.2 17  9999.9  0   982.9 17    9.6 17    4.8 17    8.9   15.9    82.4*   62.6*  0.00I 999.9  000000
747812 63813  20130916    77.4 15    62.5 15  9999.9  0   983.1 15    9.8 15    3.1 15    8.0  999.9    86.0*   66.2*  0.00I 999.9  000000
747812 63813  20130917    73.1 17    59.5 17  9999.9  0   984.7 17   10.0 17    9.3 17   15.0   22.0    78.8*   69.8*  0.00I 999.9  000000
747812 63813  20130918    70.9 15    57.6 15  9999.9  0   985.5 15   10.0 15    7.0 15    9.9   15.0    75.2*   64.4*  0.00I 999.9  000000
747812 63813  20130919    74.4 16    59.7 16  9999.9  0   983.9 16   10.0 16    3.2 16    5.1  999.9    82.4*   60.8*  0.00I 999.9  000000
747812 63813  20130920    76.4 17    61.9 17  9999.9  0   980.1 17   10.0 17    3.7 17    7.0  999.9    84.2*   64.4*  0.00I 999.9  000000
747812 63813  20130921    70.0 16    63.7 16  9999.9  0   973.3 16    8.1 16    5.9 16    8.9   15.0    78.8*   64.4* 99.99  999.9  010000
747812 63813  20130922    69.0 16    58.1 16  9999.9  0   973.5 16    8.6 16    4.2 16    8.0  999.9    78.8*   57.2*  0.00I 999.9  000000
747812 63813  20130923    71.5 16    57.2 16  9999.9  0   977.9 16   10.0 16    5.1 16    9.9   15.9    80.6*   59.0*  0.00I 999.9  000000
747812 63813  20130924    67.9 16    59.4 16  9999.9  0   978.7 16    8.5 16    7.0 16    9.9   18.1    71.6*   64.4*  0.00I 999.9  000000
747812 63813  20130925    64.5 16    61.0 16  9999.9  0   974.9 16    6.6 16    6.0 16    8.9   14.0    66.2*   62.6* 99.99  999.9  010000
747812 63813  20130926    68.5 17    59.6 17  9999.9  0   977.3 17    9.4 17    2.6 17    5.1  999.9    75.2*   59.0*  0.00I 999.9  000000
747812 63813  20130927    72.0 15    56.2 15  9999.9  0   981.9 15   10.0 15    6.1 15   11.1   14.0    78.8*   60.8*  0.00I 999.9  000000
747812 63813  20130928    68.4 15    53.8 15  9999.9  0   984.2 15   10.0 15    6.5 15    9.9   15.9    73.4*   57.2*  0.00I 999.9  000000
747812 63813  20130929    66.4 16    52.2 16  9999.9  0   982.7 15   10.0 16    4.0 16    7.0  999.9    73.4*   55.4*  0.00I 999.9  000000
747812 63813  20130930    68.5 16    55.4 16  9999.9  0   980.8 15   10.0 16    2.9 16    8.0  999.9    75.2*   57.2*  0.00I 999.9  000000
747812 63813  20131001    69.7 16    58.1 16  9999.9  0   982.5 16   10.0 16    1.0 16    5.1  999.9    80.6*   57.2*  0.00I 999.9  000000
747812 63813  20131002    72.2 17    59.5 17  9999.9  0   983.2 17   10.0 17    1.0 17    5.1  999.9    82.4*   57.2*  0.00I 999.9  000000
747812 63813  20131003    74.2 15    60.2 15  9999.9  0   982.7 15   10.0 15    3.1 15    8.0  999.9    82.4*   64.4*  0.00I 999.9  000000
747812 63813  20131004    73.5 16    60.8 16  9999.9  0   983.2 16   10.0 16    1.4 16    6.0  999.9    82.4*   60.8*  0.00I 999.9  000000
747812 63813  20131005    75.3 17    62.2 17  9999.9  0   982.3 17    9.2 17    4.3 17    8.0  999.9    86.0*   62.6*  0.00I 999.9  000000
747812 63813  20131006    73.6 16    63.5 16  9999.9  0   978.0 16    8.4 16    4.1 16    9.9  999.9    84.2*   64.4* 99.99  999.9  010000
747812 63813  20131007    63.3 15    53.6 15  9999.9  0   976.2 15    9.2 15    4.8 15    9.9   15.0    69.8*   55.4* 99.99  999.9  010000
747812 63813  20131008    66.7 16    52.4 16  9999.9  0   980.6 16   10.0 16    7.5 16   13.0   20.0    75.2*   57.2*  0.00I 999.9  000000
747812 63813  20131009    66.2 17    48.2 17  9999.9  0   984.0 17   10.0 17    6.8 17   11.1   18.1    75.2*   55.4*  0.00I 999.9  000000
747812 63813  20131010    67.0 15    54.9 15  9999.9  0   982.3 15   10.0 15    3.6 15    9.9   17.1    75.2*   53.6*  0.00I 999.9  000000
747812 63813  20131011    67.6 16    52.7 16  9999.9  0   980.1 16    9.8 16    6.1 16   11.1   15.9    77.0*   55.4*  0.00I 999.9  000000
747812 63813  20131012    67.8 17    54.9 17  9999.9  0   980.8 17   10.0 17    4.2 17    9.9   15.0    78.8*   53.6*  0.00I 999.9  000000
747812 63813  20131013    69.7 16    56.8 15  9999.9  0   983.9 16   10.0 16    2.4 16    7.0  999.9    78.8*   53.6*  0.00I 999.9  000000
747812 63813  20131014    69.3 15    58.6 15  9999.9  0   984.7 15    9.7 15    4.5 15    8.0  999.9    75.2*   59.0*  0.00I 999.9  000000
747812 63813  20131015    64.3 16    56.1 16  9999.9  0   982.7 16   10.0 16    6.1 16    9.9   15.9    66.2*   57.2*  0.00I 999.9  000000
747812 63813  20131016    66.3 17    56.5 17  9999.9  0   980.1 17   10.0 17    2.8 17    5.1  999.9    71.6*   57.2*  0.00I 999.9  000000
747812 63813  20131017    65.9 16    62.4 16  9999.9  0   977.3 16    5.7 16    3.3 16    8.0  999.9    68.0*   64.4* 99.99  999.9  010000
747812 63813  20131018    61.0 15    50.7 15  9999.9  0   978.2 15    9.3 15    5.8 15    8.0  999.9    66.2*   51.8*  0.00I 999.9  000000
747812 63813  20131019    58.3 15    53.0 15  9999.9  0   977.7 15    9.5 15    1.5 15    5.1  999.9    62.6*   55.4* 99.99  999.9  010000
747812 63813  20131020    55.1 17    41.2 17  9999.9  0   979.8 17    9.2 17    3.1 17    5.1  999.9    64.4*   41.0*  0.00I 999.9  000000
747812 63813  20131021    57.5 16    47.5 16  9999.9  0   981.3 16   10.0 16    1.8 16    7.0  999.9    69.8*   44.6*  0.00I 999.9  000000
747812 63813  20131022    62.8 16    50.2 16  9999.9  0   977.2 16    9.7 16    3.6 16    8.9  999.9    69.8*   57.2*  0.00I 999.9  000000
747812 63813  20131023    54.7 17    40.0 17  9999.9  0   977.1 17   10.0 17    9.5 17   13.0   25.1    60.8*   48.2*  0.00I 999.9  000000
747812 63813  20131024    50.6 15    35.5 15  9999.9  0   983.8 15   10.0 15    4.8 15    8.0  999.9    60.8*   37.4*  0.00I 999.9  000000
747812 63813  20131025    46.4 17    28.2 17  9999.9  0   989.3 17   10.0 17    6.3 17    9.9   15.9    53.6*   33.8*  0.00I 999.9  000000
747812 63813  20131026    47.2 16    31.2 16  9999.9  0   987.7 15   10.0 15    2.8 16    7.0  999.9    59.0*   33.8*  0.00I 999.9  000000
747812 63813  20131027    56.8 16    45.2 16  9999.9  0   983.5 16   10.0 16    3.6 16    8.0  999.9    64.4*   44.6*  0.00I 999.9  000000
747812 63813  20131028    58.6 17    52.5 17  9999.9  0   986.1 15    9.1 17    1.3 17    6.0  999.9    62.6*   53.6* 99.99  999.9  010000
747812 63813  20131029    64.2 16    54.4 16  9999.9  0   988.0 16    8.3 16    0.5 16    2.9  999.9    73.4*   53.6*  0.00I 999.9  000000
747812 63813  20131030    66.7 15    55.0 15  9999.9  0   987.2 14    9.8 15    2.3 15    8.0  999.9    75.2*   55.4*  0.00I 999.9  000000
747812 63813  20131031    67.8 16    57.4 16  9999.9  0   980.6 15   10.0 16    7.0 16    9.9   18.1    73.4*   62.6*  0.00I 999.9  000000
747812 63813  20131101    67.8 16    54.5 16  9999.9  0   972.2 13    9.1 16    7.2 16   11.1   20.0    75.2*   62.6* 99.99  999.9  010000
747812 63813  20131102    59.0 16    41.9 16  9999.9  0   975.5 16   10.0 16    6.8 16   15.0   22.0    66.2*   46.4*  0.00I 999.9  000000
747812 63813  20131103    54.2 15    37.3 15  9999.9  0   984.6 15   10.0 15    4.2 15    6.0  999.9    62.6*   42.8*  0.00I 999.9  000000
747812 63813  20131104    53.5 17    36.7 17  9999.9  0   990.5 17   10.0 17    7.4 17   15.9   22.9    62.6*   44.6*  0.00I 999.9  000000
747812 63813  20131105    54.4 17    33.5 17  9999.9  0   991.8 17   10.0 17    8.0 17   11.1   18.1    64.4*   44.6*  0.00I 999.9  000000
747812 63813  20131106    61.1 17    48.6 17  9999.9  0   987.4 17    9.4 17    8.1 17   12.0   15.9    71.6*   51.8*  0.00I 999.9  000000
747812 63813  20131107    57.6 15    47.6 15  9999.9  0   983.2 15    9.1 15    8.5 15   15.0   22.0    64.4*   48.2* 99.99  999.9  010000
747812 63813  20131108    49.9 16    27.7 16  9999.9  0   987.7 16   10.0 16    4.9 16    6.0  999.9    59.0*   39.2*  0.00I 999.9  000000
747812 63813  20131109    47.9 16    32.7 16  9999.9  0   988.3 16   10.0 16    2.6 16    8.0  999.9    57.2*   37.4*  0.00I 999.9  000000
747812 63813  20131110    57.2 17    37.6 17  9999.9  0   987.2 17   10.0 17    4.7 17    8.9   15.9    68.0*   46.4*  0.00I 999.9  000000
747812 63813  20131111    54.4 16    32.7 16  9999.9  0   987.0 16   10.0 16    3.6 16    8.0   14.0    64.4*   37.4*  0.00I 999.9  000000
747812 63813  20131112    46.4 17    33.4 17  9999.9  0   986.2 17   10.0 17    7.8 17   15.0   28.9    57.2*   37.4*  0.00I 999.9  000000
747812 63813  20131113    37.4 16    14.9 16  9999.9  0   994.9 16   10.0 16    5.5 16    9.9   15.9    46.4*   24.8*  0.00I 999.9  000000
747812 63813  20131114    43.2 12    19.4 12  9999.9  0   992.9 12   10.0 12    2.7 12    8.0  999.9    57.2*   24.8*  0.00I 999.9  000000
747812 63813  20131115    45.3 10    39.4 10  9999.9  0   985.9 10    7.7 10    2.7 10    7.0  999.9    48.2*   37.4* 99.99  999.9  010000
747812 63813  20131116    54.1 17    50.2 17  9999.9  0   984.7 17    4.5 17    3.8 17    8.0  999.9    60.8*   46.4* 99.99  999.9  010000
747812 63813  20131117    57.2  4    53.6  4  9999.9  0   984.4  4    6.3  4    6.5  4    9.9  999.9  9999.9  9999.9   0.00I 999.9  000000
747812 63813  20131118    64.2  9    34.0  9  9999.9  0   980.1  9   10.0  9    9.6  9   14.0   20.0    66.2*   57.2*  0.00I 999.9  000000
747812 63813  20131119    51.1 15    29.2 15  9999.9  0   982.3 15   10.0 15    5.5 15    8.0   15.9    57.2*   39.2*  0.00I 999.9  000000
747812 63813  20131120    50.3 13    29.5 13  9999.9  0   987.0 13   10.0 13    9.3 13   15.9   21.0    53.6*   42.8*  0.00I 999.9  000000
747812 63813  20131121    51.9 17    38.1 17  9999.9  0   989.9 17    9.5 17    8.8 17   13.0   20.0    55.4*   48.2*  0.00I 999.9  000000
747812 63813  20131122    56.6 17    50.5 17  9999.9  0   988.3 17    5.5 17    4.8 17   12.0  999.9    62.6*   50.0*  0.00I 999.9  000000
747812 63813  20131123    52.1 17    43.9 17  9999.9  0   985.5 17    7.7 17    7.6 17   14.0   22.0    60.8*   46.4* 99.99  999.9  010000
747812 63813  20131124    37.2 17    16.8 17  9999.9  0   991.1 17   10.0 17    8.4 17   12.0   20.0    44.6*   26.6*  0.00I 999.9  000000
747812 63813  20131125    36.4 17    12.5 17  9999.9  0   991.2 17   10.0 17    8.0 17   13.0   20.0    42.8*   28.4*  0.00I 999.9  000000
747812 63813  20131126    40.5 14    34.8 14  9999.9  0   976.9 14    4.2 14    4.2 14   12.0   20.0    48.2*   35.6* 99.99  999.9  110000
747812 63813  20131127    38.4 11    32.2 11  9999.9  0   973.0 11    6.0 11   10.3 11   19.0   28.0    44.6*   33.8* 99.99  999.9  010000
747812 63813  20131206    71.0 13    64.4 13  9999.9  0   978.5  6   10.0 13   11.7 12   17.5   35.0    73.4*   68.0*  0.00I 999.9  000000
747812 63813  20131207    40.7 11    35.4 11  9999.9  0   987.5 10    9.1 11   12.6 11   17.5   29.1    42.8*   39.2*  0.00I 999.9  000000
747812 63813  20131208    41.6 17    40.1 14  9999.9  0   986.5 17    2.9 12    8.7 15   23.3   35.0    44.6*   33.8* 99.99  999.9  010000
747812 63813  20131209    43.6 16    41.0 16  9999.9  0   983.4 16    2.5 16    3.9 16   15.0   20.0    46.4*   41.0* 99.99  999.9  010000
747812 63813  20131210    43.7 16    36.2 16  9999.9  0   984.5 16    7.5 14    9.6 14   23.3   42.7    50.0*   37.4*  0.00I 999.9  000000
747812 63813  20131211    41.8 14    25.8 14  9999.9  0   990.5 14   10.0 14    3.0 14    6.0  999.9    51.8*   24.8*  0.00I 999.9  000000
747812 63813  20131212    37.1 12    17.1 12  9999.9  0   992.5 12   10.0 12   10.4 10   23.3   35.0    42.8*   28.4*  0.00I 999.9  000000
747812 63813  20131213    43.1 12    18.6 12  9999.9  0   987.5 12   10.0 12    0.4 12    5.1  999.9    55.4*   24.8*  0.00I 999.9  000000
747812 63813  20131214    47.4 13    44.2 13  9999.9  0   975.4 13    3.2 13    4.7 13   13.0   20.0    48.2*   44.6* 99.99  999.9  010000
747812 63813  20131215    36.9 11    28.6 11  9999.9  0   981.5 10   10.0 11    9.8 10   12.0   22.9    39.2*   35.6*  0.00I 999.9  000000
747812 63813  20131216    42.5 12    28.2 10  9999.9  0   986.0 12    9.3  4    3.6 12    7.0  999.9    51.8*   28.4*  0.00I 999.9  000000
747812 63813  20131217    49.4 12    31.8 12  9999.9  0   984.1 12   10.0 12    8.3 12   18.1   22.9    60.8*   28.4*  0.00I 999.9  000000
747812 63813  20131218    42.5 11    18.6 11  9999.9  0   988.9 11   10.0 11    5.8 11    8.9   15.0    48.2*   33.8*  0.00I 999.9  000000
747812 63813  20131219    45.6 17    23.5 17  9999.9  0   987.6 17   10.0 17    2.5 17    8.0  999.9    62.6*   30.2*  0.00I 999.9  000000
747812 63813  20131220    53.2 13    43.3 10  9999.9  0   984.4 13    9.2 13    5.2 10    7.0  999.9    60.8*   39.2*  0.00I 999.9  000000
747812 63813  20131221    63.0 15    58.0 15  9999.9  0   979.2 15    5.7 15    7.0 15   12.0   15.9    69.8*   53.6* 99.99  999.9  010000
747812 63813  20131222    60.3 17    57.0 17  9999.9  0   978.5 17    4.7 16    4.1 17    9.9   20.0    69.8*   55.4* 99.99  999.9  010000
747812 63813  20131223    48.7 17    43.5 17  9999.9  0   983.9 17    8.4 17    4.2 14   12.0   18.1    57.2*   39.2* 99.99  999.9  010000
747812 63813  20131224    33.4 13    20.6 13  9999.9  0   991.6 13   10.0 13    8.6 13   12.0   20.0    35.6*   28.4*  0.00I 999.9  000000
747812 63813  20131225    35.5 15    18.2 15  9999.9  0   991.4 15   10.0 15    6.3 15   13.6   15.0    44.6*   26.6*  0.00I 999.9  000000
747812 63813  20131226    40.8 16    22.5 16  9999.9  0   989.6 15   10.0 16    3.9 16    8.0  999.9    51.8*   28.4*  0.00I 999.9  000000
747812 63813  20131227    43.6 11    25.5 11  9999.9  0   991.8 11   10.0 11    2.1 11    5.1  999.9    53.6*   26.6*  0.00I 999.9  000000
747812 63813  20131228    39.7 14    29.8 14  9999.9  0   988.5 14    9.1 14    4.5 13    9.9  999.9    44.6*   33.8* 99.99  999.9  010000
747812 63813  20131229    43.4 16    39.6 16  9999.9  0   978.0 16    6.5 16    8.4 16   17.5   29.1    46.4*   39.2* 99.99  999.9  010000
747812 63813  20131230    42.8 16    38.5 16  9999.9  0   982.2 14    8.0 16    4.1 16    9.7  999.9    46.4*   37.4*  0.00I 999.9  000000
747812 63813  20131231    38.6 12    26.9 12  9999.9  0   990.0  9   10.0 12    7.1 12    8.0   15.9    42.8*   35.6*  0.00I 999.9  000000
